PIDs:
  X:
    kp: 0.03 #0.0178 #0.02
    kd: 0.3 #0.2374 #0.3
    ki: 0.00001 #0.0003208 #0.003
    minOutput: -1.0 #-1
    maxOutput: 1.0 #1
    integratorMin: -0.0001
    integratorMax: 0.0001
  Y:
    kp: 0.03 #0.0178 #0.02
    kd: 0.3 #0.2374 #0.3
    ki: 0.00001 #0.0003208 #0.003
    minOutput: -1.0 #-1
    maxOutput: 1.0 #1
    integratorMin: -0.0001
    integratorMax: 0.0001
  Z:
    kp: -1.5
    kd: 0.0 #-10000.0
    ki: 0.0 #-60.0 #-6000.0
    minOutput: -10.0 #-10000.0
    maxOutput: 10.0 #10000.0
    integratorMin: -1.0 #-1000.0
    integratorMax: 1.0 #1000.0
  Yaw:
    kp: 1.7503 #5 #500.0
    kd: 0 #1 #100.0
    ki: 0 # 0.001 #0.1
    minOutput: -1 #-200.0
    maxOutput: 1 #200.0
    integratorMin: 0.0
    integratorMax: 0.0
